config: {'hyperparameters': {'learning_rate': 1, 'epochs': 5, 'n_ensembles': 5, 'players': 2, 'eps': 0.5, 'Optimizer': 'Adam', 'seed': 0}}
max_loss: 2.3029732704162598
mix_loss: 8.160805702209473
strategies: [[-0.95246977]
 [-0.12533626]]