config: {'hyperparameters': {'learning_rate': 1, 'epochs': 5, 'n_ensembles': 2, 'players': 2, 'eps': 0.5, 'Optimizer': 'Adam', 'seed': 0, 'step_size': 10, 'gamma': 0.9}}
max_loss: 1.2586766481399536
mix_loss: 0.9944780468940735
strategies: [-2.9274104  2.9792337]